100
3 1 5 15 13 11
3 0 8 23 22 21
2 2 10 18 3
1 0 0 28
1 0 8 21
2 0 0 28 4
1 0 7 17
2 0 10 26 12
3 0 4 11 8 8
2 2 3 14 25
3 0 10 30 30 30
1 0 0 4
3 1 4 8 9 4
1 0 8 12
2 2 9 3 11
3 0 6 13 15 20
3 1 7 19 26 9
1 0 6 15
3 1 4 9 8 9
1 0 3 6
3 0 4 11 28 8
2 0 4 11 9
1 0 5 12
1 0 4 25
1 0 3 5
1 0 3 21
2 0 0 30 30
2 1 4 8 8
1 0 7 19
3 3 8 14 19 20
1 1 9 22
1 0 9 24
3 0 5 11 12 1
3 3 5 25 7 16
2 0 7 17 18
3 2 4 2 2 12
3 3 5 2 12 27
3 0 1 16 4 17
1 0 7 4
1 0 5 11
3 1 7 12 25 9
3 3 5 3 4 12
1 0 3 1
1 0 1 0
3 0 9 18 19 30
3 0 6 15 29 26
2 0 9 7 4
1 0 6 5
3 0 8 28 21 21
2 2 7 9 10
1 0 4 8
1 0 10 26
2 2 4 2 17
3 0 10 0 0 26
1 0 10 15
2 0 4 30 8
3 0 2 4 22 27
1 1 8 25
3 2 7 29 2 27
2 0 2 22 25
3 0 4 9 30 9
2 0 3 5 6
2 0 3 30 30
2 0 1 0 0
3 0 4 24 3 17
3 3 0 14 16 4
2 0 6 27 16
2 1 10 16 24
1 0 4 27
1 1 4 10
2 1 1 3 17
1 0 8 21
3 0 9 23 22 24
1 0 9 2
3 0 1 25 2 29
3 0 7 17 18 17
3 0 6 3 14 13
1 0 10 6
3 2 9 23 24 23
2 1 3 5 5
3 2 1 23 0 11
2 2 3 18 10
2 1 8 25 21
2 1 9 7 23
1 1 0 19
1 0 8 20
3 1 6 10 15 15
3 1 0 8 4 1
2 2 6 8 20
3 0 9 22 21 12
3 3 0 11 11 2
1 1 10 19
2 2 0 4 3
1 0 8 20
3 1 8 20 16 21
2 0 10 26 27
3 0 0 0 0 0
1 1 8 14
2 1 10 26 27
1 1 6 12