20
1000.000000 2 3
0.000000 20.500000
25.000000 1000.000000
1.00 5.00 9.81
50.000000 2 2
0.000000 0.000000
100000.000000 100.000000
1.00 1.01
1.000000 1 2
0.000000 1.000000
1.00 9.81
10000.000000 1 3
0.000000 10007.550000
1.00 4.60 9.81
1.000000 1 3
0.000000 485.280000
1.00 4.60 9.81
8.070000 1 8
0.000000 8.070000
9.81 1.53 6.40 2.00 5.71 1.00 1.78 5.16
403.210000 1 10
0.000000 1906.590711
2.19 1.89 4.09 8.21 6.74 9.81 1.00 1.05 1.13 3.92
9595.330000 1 8
0.000000 9598.620000
1.30 9.71 9.56 1.20 1.10 9.66 9.81 1.00
2.430000 2 10
0.000000 0.000000
1.048593 2.430000
4.92 3.94 7.85 2.96 8.83 6.87 1.00 5.89 9.81 1.98
6.390000 2 10
0.000000 0.000000
68057.900000 6.390000
9.31 9.61 1.40 1.20 1.00 9.41 9.81 1.10 1.60 9.71
10000.000000 2 9
0.000000 6737.950000
100000.000000 10000.000000
6.14 2.07 5.53 6.59 4.07 6.41 1.55 2.20 5.88
4455.600000 2 10
0.000000 0.000000
94.270829 9542.940000
3.94 6.87 2.96 4.92 1.98 1.00 7.85 8.83 5.89 9.81
8758.850000 2 8
0.000000 2624.122850
34119.010000 8766.400000
1.05 9.51 1.10 9.61 1.20 9.71 9.81 1.00
810.420000 2 10
0.000000 409.529400
0.240000 810.420000
6.09 2.53 1.06 9.24 7.00 2.50 4.66 1.07 9.62 8.52
6430.580000 2 8
0.000000 4355.636105
52.991636 6430.580000
1.00 8.55 4.78 6.03 7.29 9.81 2.26 4.58
6598.580000 2 9
0.000000 7129.650000
56427.380000 7129.663650
1.97 5.18 1.20 1.42 7.29 2.79 3.62 3.15 5.19
4988.110000 2 9
0.000000 4985.700000
54218.920000 4989.310000
8.91 2.20 9.81 1.60 8.31 3.10 1.00 2.80 9.51
745.850000 2 10
0.000000 744.850000
31.215652 746.850000
6.87 9.81 8.83 2.96 4.92 5.89 7.85 3.94 1.00 4.96
589.860718 2 9
0.000000 262.433078
13.393972 589.860718
9.48 6.88 1.83 3.73 9.53 8.47 3.66 9.27 3.08
2212.406465 2 8
0.000000 866.416741
31.393579 2212.406465
4.26 4.44 5.62 1.28 1.20 2.35 5.67 9.66