100
2 3 2
1 1 1
2 1 1
2 1 2
3 2 3
71 1 55
72 4 3
2 9 2
100 9 11
3 37 1
2 4 1
1 27 1
4 28 2
41 1 40
4 3 1
4 1 4
10 5 1
14 11 4
20 10 6
1 100 1
31 10 4
71 7 65
76 1 7
100 1 1
3 1 2
100 1 100
11 3 9
4 29 1
31 10 3
82 6 73
3 4 1
1 4 1
1 93 1
93 6 46
81 1 38
89 8 78
22 11 2
80 8 10
1 2 1
41 1 41
1 67 1
1 3 1
2 32 1
4 3 2
100 2 50
41 11 4
5 11 4
56 10 27
4 2 1
4 2 2
10 18 1
3 2 1
56 1 28
3 31 2
14 7 2
54 3 54
2 59 1
3 1 3
90 1 80
100 2 49
13 14 1
40 4 21
100 6 17
100 6 16
1 6 1
2 2 1
100 9 12
80 8 9
56 6 54
10 5 2
4 28 3
9 18 1
4 4 1
1 51 1
13 5 5
2 3 1
86 7 80
67 1 18
13 3 8
11 7 11
1 65 1
2 49 2
36 7 11
9 1 8
100 4 24
51 5 19
14 7 1
41 11 3
9 1 9
34 2 22
4 1 3
3 5 2
100 4 25
3 2 2
100 3 34
64 3 29
100 3 33
1 59 1
100 1 99
3 3 1