Case #1: 3
Case #2: 1
Case #3: IMPOSSIBLE
Case #4: 1 2
Case #5: 2 7
Case #6: IMPOSSIBLE
Case #7: IMPOSSIBLE
Case #8: 129
Case #9: IMPOSSIBLE
Case #10: 83385908498332846
Case #11: 5
Case #12: 1
Case #13: 7599824371187713
Case #14: IMPOSSIBLE
Case #15: IMPOSSIBLE
Case #16: 1 2 3 4
Case #17: IMPOSSIBLE
Case #18: 23961924081 3448919023873
Case #19: 28365650970 5417839335180
Case #20: 1
Case #21: 910698096646 274120127090246 547329556083846 793188664820131
Case #22: 1856146972 911368162811 1820880178650 2730392194489 3639904210328 4549416226167 5458928242006 6368440257845 7277952273684 8187464289523 8967019874471
Case #23: IMPOSSIBLE
Case #24: IMPOSSIBLE
Case #25: IMPOSSIBLE
Case #26: 1 2 3 4 5 6 7 8 9 10 11 12 13 14 15 16 17 18 19 20 21 22 23 24 25 26 27 28 29 30 31 32 33 34 35 36 37 38 39 40 41 42 43 44 45 46 47 48 49 50 51 52 53 54 55 56 57 58 59 60 61 62 63 64 65 66 67 68 69 70 71 72 73 74 75 76 77 78 79 80 81 82 83 84 85 86 87 88 89 90 91 92 93 94 95 96 97 98 99 100
Case #27: 14 413 812 1200
Case #28: 30399297484750849
Case #29: IMPOSSIBLE
Case #30: 46335418 22565348116 45084360814 67603373512 90122386210 112641398908 135160411606 157679424304 180198437002 202717449700 225236462398 247755475096 270274487794 292793493685
Case #31: 16
Case #32: 1
Case #33: 1
Case #34: 76440240 42271452204 84466464168 126661476132 168856488096 211051500060 253246512024 295441523988 337636535952 379831547916 422026559880 464221571844 506416583808 548611595772 590806607736 633000806506
Case #35: IMPOSSIBLE
Case #36: 508340496605 358380050105885 716251759715165 1074123469324445 1431995178933725 1789866888543005 2147738598152285 2505610307761565 2863482017370845 3221353726980125 3579225436589405 3892357470806553
Case #37: 1324984810457 307396476025914
Case #38: 268822560488 170164680788336 340060539016184 509956397244032 679852255471880 849748113699728 1019643971927576 1189539830155424 1359435688383272 1529331546611120
Case #39: 1
Case #40: 1 2 3 4 5 6 7 8 9 10 11 12 13 14 15 16 17 18 19 20 21 22 23 24 25 26 27 28 29 30 31 32 33 34 35 36 37 38 39 40 41
Case #41: 1
Case #42: 1
Case #43: 1073741825
Case #44: 7 49
Case #45: 2 204 406 608 810 1012 1214 1416 1618 1820 2022 2224 2426 2628 2830 3032 3234 3436 3638 3840 4042 4244 4446 4648 4850 5052 5254 5456 5658 5860 6062 6264 6466 6668 6870 7072 7274 7476 7678 7880 8082 8284 8486 8688 8890 9092 9294 9496 9698 9900
Case #46: 343955644822656 151684439366790977 303024923088759298 454365406810656933
Case #47: 3031251
Case #48: 100266277387146 55246718840316996 110393171403246846 165539623966176696 220686076529106546 275832529082019841
Case #49: IMPOSSIBLE
Case #50: 2 12
Case #51: 12345678900000001
Case #52: IMPOSSIBLE
Case #53: IMPOSSIBLE
Case #54: 114383962274806
Case #55: 623749 57384866
Case #56: 57 8970 17883 26796 35709 44622 53535 62448 71361 80274 89187 98100 107013 115926 124839 133752 142665 151578
Case #57: 144115188075855873
Case #58: 1 2 3
Case #59: IMPOSSIBLE
Case #60: IMPOSSIBLE
Case #61: 27342891567343
Case #62: 1684 264248 526812 789376 1051940 1314504 1577068 1839632 2102196 2364760
Case #63: 102030406 60708091012 121314151618 181920212224 242526272830 303132333436 363738394042 424344454648 484950515254 545556575860 606162636466 666768697072 727374757678 787980818284 848586878890 909192939496 969798990001
Case #64: IMPOSSIBLE
Case #65: 1
Case #66: 2
Case #67: 102030405060709 91011121314151618 181920212223242527 272829303132333436 363738394041424345 454647484950515254 545556575859606163 636465666768697072 727374757677787981 818283848586878890 909192939495969799 990000000000000001
Case #68: IMPOSSIBLE
Case #69: 10195366 3374665852 6739136338 10103606824 13468077310 16832547796 20197018282 23561488768 26925959254 30280413185
Case #70: 1235 56790
Case #71: 7599824371187713
Case #72: 2345228234614117
Case #73: 28
Case #74: 1
Case #75: 2579 157284 311806
Case #76: 3
Case #77: 4815609997 2870103557666 5735391505335 8600679453004 11465967400673 14331255348342 17196543296011 20061831243680 22927119191349 25792407139018 28657695086687 31522983034356 34383510716385
Case #78: IMPOSSIBLE
Case #79: 16 565 1114 1663 2029
Case #80: 194872 13834415
Case #81: 1
Case #82: 140737488355329
Case #83: 63970747 15736803566 31409636385 47082469204 62755302023 76187381761
Case #84: IMPOSSIBLE
Case #85: IMPOSSIBLE
Case #86: 138011 34640536 69143061 103645586 138148111 172650636 207153161 241655686 276158211 310660736 338260051
Case #87: IMPOSSIBLE
Case #88: IMPOSSIBLE
Case #89: 1 2 3 4 5 6 7 8 9
Case #90: 2 72 142 212 282 352 422 492 562 632 702 772 842 912 982 1052 1122
Case #91: IMPOSSIBLE
Case #92: 46
Case #93: 10204 4050608 8091012 12131416 16171820 20212224 24252628 28293032 32333436 36373840 40414244 44454648 48495052 52535456 56575860 60616264 64656668 68697072 72737476 76777880 80818284 84858688 88899092 92939496 96979900
Case #94: 2 7
Case #95: 103 30406 60709 91012 121315 151618 181921 212224 242527 272830 303133 333436 363739 394042 424345 454648 484951 515254 545557 575860 606163 636466 666769 697072 727375 757678 787981 818284 848587 878890 909193 939496 969799 990001
Case #96: 67 12550 25033 37516 49999 62482 74965 87448 99931 112414 124897 137380 149863 162346 174829 187312 199795 212278 224761 237244 249727 258049
Case #97: IMPOSSIBLE
Case #98: 1
Case #99: IMPOSSIBLE
Case #100: 6
