100
1
19
23
99000
2200
899999
1099
10999
999001
10101
999998
789012
100000
901234
20
11111
1001
32
1111
101000
998999
12001
9999
10111
2000
91
200
19
1101
101
2201
2101
111
1100
10110
102
900000
1998
1999
10000
131072
199
100
201
12
900001
21
876543
432109
11100
100001
999991
9
99001
2100
901
990000
2001
11010
999999
777777
900
999901
29
12000
989999
999899
10100
77777
1000
1000000
16384
11
10011
22
999
10010
11101
8192
999989
11001
99
1110
101001
999000
456789
999990
10001
11110
30
10
110
11011
512
90
990001
2002
11000
999900
31