100
1 1 5
229 462 677
743 715 692
2 5 3
614 841 312
794 791 964
512 512 257
4 2 1
197 360 804
735 488 877
320 146 9
5 5 1
931 109 27
45 56 35
858 296 841
561 298 177
839 950 998
5 5 5
504 693 33
3 3 1
513 513 1
3 3 4
512 894 207
975 969 859
346 584 240
392 345 291
848 481 187
513 513 256
848 944 921
331 221 94
3 1 5
5 4 5
737 769 394
670 778 731
609 436 977
1 1 1
217 923 697
261 916 194
513 513 512
130 525 41
4 5 2
3 5 4
205 267 190
1 1 1
141 508 126
205 172 336
3 4 2
3 5 2
5 3 5
458 555 305
441 696 183
516 329 812
512 512 1
512 512 513
237 590 15
215 858 83
5 3 4
3 3 3
7 8 5
337 897 82
781 294 78
5 3 3
760 209 171
814 355 299
514 74 342
981 716 826
177 230 859
1000 1000 1
513 513 257
784 769 869
512 512 2
770 978 701
317 603 303
818 347 645
442 741 963
633 901 291
147 303 258
574 176 858
1 1 1
448 718 202
599 423 278
936 826 390
942 103 55
513 513 2
576 468 150
432 679 808
487 431 779
103 143 88
949 374 672
512 512 256
475 135 11
4 4 3
5 4 4
434 574 89
694 320 13
2 3 2
1 1 1000
547 498 987
742 209 137
960 866 894