100
3 5 4
3 3 6
4 3 9
5 3 11
3 5 13
4 3 11
3 5 15
5 3 6
4 4 9
2 8 8
5 3 0
5 3 1
5 3 8
16 1 8
1 16 9
5 3 14
15 1 0
15 1 1
2 2 0
1 10 5
5 3 4
5 3 10
5 3 15
5 3 7
15 1 8
15 1 15
9 1 6
3 3 7
5 3 3
3 4 12
4 4 7
1 15 7
3 5 7
1 1 1
16 1 16
1 15 15
3 4 9
1 9 6
2 5 7
4 4 16
7 2 12
2 6 4
3 5 5
1 15 0
15 1 7
3 5 3
2 5 2
3 5 11
5 3 9
3 3 8
2 7 3
16 1 7
1 16 16
4 4 0
1 15 6
1 16 1
5 2 7
16 1 1
5 3 12
3 2 3
3 5 2
5 3 2
1 16 8
4 4 1
2 2 1
6 2 0
3 5 0
3 5 8
4 3 12
3 5 12
3 5 14
3 1 2
5 3 13
16 1 0
3 4 8
1 16 7
7 2 9
3 5 9
1 15 1
15 1 6
3 5 6
5 3 5
15 1 2
1 15 11
2 4 4
3 5 10
3 5 1
2 6 3
1 16 0
3 2 5
2 6 5
4 4 12
2 2 2
4 4 8
1 15 8
4 3 5
2 2 3
1 1 0
2 4 2
16 1 9