50
103 47 83 44 56 44 68 83 77 56 81 80 63 79 53 82 81 52 45 43 56 48 43 55 69 67 42 72 84 65 67 63 72 84 46 69 51 56 60 42 81 79 73 77 66 83 46 73 79 48 66 50 68 79 70 72 46 54 59 66 75 73 51 73 57 75 57 60 59 56 49 72 65 83 52 84 67 49 69 75 68 42 80 45 78 43 74 66 58 68 67 69 52 49 62 69 44 62 49 61 45 43 66 78
2 63 58
120 49 47 50 49 49 49 49 48 50 50 50 49 49 50 47 47 50 48 49 48 48 48 49 47 50 49 49 47 50 50 50 48 50 48 47 49 49 50 50 50 50 47 48 48 47 50 48 50 49 49 48 50 50 50 47 49 49 50 49 49 47 48 49 49 49 100 48 50 49 48 50 49 50 47 50 47 49 50 49 49 48 49 47 50 48 47 49 48 49 48 48 48 50 50 48 48 47 48 49 47 48 47 50 47 50 49 48 48 48 49 49 49 48 49 47 47 50 50 47 47
2 80 80
195 95 5 21 79 0 43 45 4 5 30 21 1 77 39 15 58 91 37 82 71 34 97 96 11 47 96 51 55 95 72 37 1 97 29 61 40 67 90 80 14 33 67 46 8 99 70 54 98 79 25 50 71 87 74 16 41 73 58 20 19 34 4 41 45 11 54 92 20 17 15 61 90 44 17 29 77 3 68 54 30 30 42 27 48 87 84 80 71 56 22 69 19 9 91 28 93 82 82 21 39 49 3 88 45 42 90 91 49 90 59 2 62 97 18 47 94 0 99 37 79 13 55 90 61 18 59 83 62 25 85 43 64 36 0 97 23 46 50 87 0 0 78 73 48 31 42 86 35 100 31 9 93 12 60 42 11 38 46 32 57 60 61 70 48 7 90 2 56 16 45 80 32 92 95 92 41 32 16 52 17 40 76 28 93 53 8 75 8 95 83 51 38 60 7 90
178 99 90 51 53 13 45 53 87 6 17 79 29 61 78 50 33 30 81 0 23 85 80 14 73 12 71 52 19 70 65 86 6 61 62 61 3 92 57 30 68 74 70 68 6 46 77 18 83 28 65 50 3 92 96 27 49 8 49 91 69 82 10 19 96 80 45 36 92 59 13 56 22 34 88 30 72 45 60 89 84 70 48 34 48 22 93 15 92 70 13 96 84 40 56 53 23 71 81 70 42 26 16 2 53 84 4 89 50 1 44 90 14 60 42 73 71 98 26 5 51 27 82 98 60 21 85 5 40 6 86 75 93 8 33 72 72 12 11 49 55 25 69 50 26 96 80 68 20 99 10 40 17 41 90 10 13 66 45 2 82 72 31 82 7 98 52 65 54 78 94 99 49 66 6 44 1 35 91
135 0 57 56 57 56 57 1 56 1 1 0 57 1 57 57 1 57 0 1 57 0 56 57 56 0 0 56 56 1 56 1 0 1 0 0 56 0 0 57 1 56 57 0 0 0 1 57 0 56 1 56 0 1 1 1 57 57 0 56 1 0 57 57 56 56 56 56 57 57 57 1 56 57 56 56 0 1 57 1 1 1 57 56 57 1 57 0 1 1 1 0 1 1 56 0 56 57 56 56 0 56 0 0 56 1 1 57 57 1 57 1 56 56 57 57 1 56 1 57 57 56 1 1 1 0 0 1 1 1 57 0 56 56 1 56
2 43 73
186 40 43 51 56 53 54 63 57 59 70 46 48 44 66 45 45 64 55 42 52 46 40 61 55 43 55 49 46 35 59 50 55 59 38 64 53 52 50 68 70 38 64 66 47 49 69 51 51 70 50 49 45 65 51 62 62 50 56 43 45 61 64 37 44 59 47 38 46 65 38 66 37 61 63 39 46 42 58 45 43 46 65 68 54 66 69 69 54 44 37 37 69 65 51 59 67 49 68 49 45 36 69 43 67 52 66 66 68 57 68 35 43 41 60 62 52 62 63 53 43 59 43 57 64 49 51 67 38 70 45 46 64 58 35 68 64 37 38 45 67 42 59 66 42 65 67 54 70 49 67 47 37 55 48 42 64 51 68 44 46 51 54 42 64 62 47 69 53 50 45 36 48 42 42 63 56 37 64 35 57 38 65 54 44 68 61
195 0 73 74 73 0 74 1 1 0 73 0 0 0 1 74 74 1 1 73 74 1 0 73 1 73 73 73 1 1 0 1 74 74 74 74 73 1 1 0 73 1 74 74 74 73 74 73 0 0 74 74 1 74 0 1 1 1 73 0 1 0 73 0 73 0 1 74 73 1 0 0 73 74 0 73 73 0 1 0 73 1 1 74 1 74 74 1 0 73 74 74 1 74 74 0 73 1 73 1 74 1 0 73 1 0 1 73 0 0 1 74 73 74 1 74 0 73 74 73 1 0 74 0 1 1 74 1 73 0 73 74 74 73 74 74 74 1 74 0 0 73 73 0 1 73 74 73 0 1 74 74 74 0 73 73 0 1 0 74 1 1 1 0 1 1 73 73 73 74 0 74 74 73 1 0 0 73 73 74 0 73 1 0 74 73 0 0 74 73 1 0 73 1 74 1
9 11 30 10 32 20 100 12 47 89
109 1 0 75 0 75 0 75 75 1 0 1 75 75 1 76 1 75 0 0 75 1 0 76 0 76 1 0 1 75 0 75 0 75 76 0 0 76 0 76 76 76 76 0 76 75 76 1 0 75 0 75 76 0 75 0 75 76 1 1 1 75 75 1 1 1 75 0 75 76 1 76 1 1 0 76 0 75 1 1 76 0 0 75 75 0 76 0 1 1 75 0 75 75 76 76 75 75 75 1 0 0 1 0 1 75 76 76 75 76
97 0 71 60 2 94 46 10 15 19 33 80 48 47 78 5 57 60 25 45 47 59 12 16 52 11 81 26 92 17 13 19 91 15 7 53 55 5 13 0 64 14 97 8 6 94 9 82 100 11 56 14 31 97 47 63 77 70 55 49 89 50 73 60 88 55 48 23 54 31 80 69 4 72 41 9 67 0 48 46 25 97 98 72 47 82 68 41 91 83 32 88 47 28 93 40 73 61
162 62 86 89 89 55 76 68 58 74 50 90 71 57 53 89 89 77 78 73 50 56 59 89 51 71 75 50 68 81 83 85 47 55 92 78 56 59 54 65 86 79 77 61 80 90 56 47 66 80 72 80 55 51 56 77 86 88 69 46 60 90 52 46 63 83 54 80 72 72 83 77 70 59 48 80 71 52 86 67 59 70 66 52 83 73 80 88 64 47 66 48 59 81 86 92 73 80 85 56 56 83 92 54 60 77 51 82 67 84 47 59 52 63 62 69 78 87 65 92 91 84 63 63 48 58 69 69 46 49 89 80 64 72 60 90 50 51 46 50 84 91 89 60 65 85 74 51 48 72 78 88 92 52 68 57 52 67 66 55 69 71 73
177 0 1 89 1 89 89 1 1 0 0 89 89 0 0 0 89 88 88 0 0 0 88 0 88 88 1 0 0 1 88 89 0 89 88 0 1 88 0 1 1 0 89 89 89 0 0 0 89 88 88 1 0 88 1 88 0 0 1 88 1 89 88 88 1 0 89 88 1 88 0 88 1 0 1 1 89 0 0 0 1 89 89 88 88 89 88 1 88 89 89 1 88 89 0 88 1 88 88 1 88 0 89 0 88 0 89 88 88 1 88 1 88 1 89 88 1 1 88 88 1 0 89 88 0 0 0 88 89 88 89 89 0 88 89 89 88 88 1 0 1 89 89 1 1 1 0 88 89 0 1 89 88 0 0 88 89 89 1 0 1 0 1 89 89 88 89 1 1 1 0 1 89 89 89 1 0 88
171 0 1 1 59 1 0 1 0 59 1 0 0 0 0 60 59 1 0 1 0 59 60 60 1 60 0 60 0 60 59 59 1 60 60 59 59 59 1 60 0 60 0 60 0 59 1 1 1 59 0 0 1 0 0 59 59 1 59 1 0 60 0 60 0 60 1 59 1 1 1 1 0 60 0 60 60 59 60 0 60 60 59 60 0 60 0 60 59 60 60 60 59 0 0 60 0 59 1 59 60 60 59 60 60 1 0 0 60 59 60 59 60 60 0 60 60 0 60 60 59 0 0 60 1 1 60 0 0 1 60 1 59 59 0 59 59 59 1 59 1 0 1 60 60 59 59 0 0 1 0 0 1 59 59 0 0 0 0 1 60 59 0 0 1 59 0 59 60 59 0 0
146 0 0 0 0 0 0 0 0 0 0 0 0 0 0 0 0 0 0 64 0 0 0 0 0 0 0 0 0 0 0 0 0 0 0 0 0 0 0 0 0 0 0 0 0 0 0 0 0 0 0 0 0 0 0 0 0 0 0 0 0 0 0 0 0 0 0 0 0 0 0 0 0 0 0 0 0 0 0 0 0 0 0 0 0 0 0 0 0 0 0 0 0 0 0 0 0 0 0 0 0 0 0 0 0 0 0 0 0 0 0 0 0 0 0 0 0 0 0 0 0 0 0 0 0 0 0 0 0 0 0 0 0 0 0 0 0 0 0 0 0 0 0 0 0 0 0
2 34 0
2 22 78
158 0 0 0 0 0 0 0 0 0 0 0 0 0 0 0 0 0 0 0 0 0 0 0 0 0 0 0 0 0 0 0 0 0 0 0 0 0 0 0 0 0 0 0 0 0 0 0 0 0 0 0 0 0 0 0 0 0 0 0 0 0 0 0 0 0 0 0 0 0 0 0 0 0 0 0 0 0 0 0 0 0 0 0 0 0 0 0 0 0 0 0 0 0 0 0 0 0 0 0 0 0 0 0 0 67 0 0 0 0 0 0 0 0 0 0 0 0 0 0 0 0 0 0 0 0 0 0 0 0 0 0 0 0 0 0 0 0 0 0 0 0 0 0 0 0 0 0 0 0 0 0 0 0 0 0 0 0 0
193 68 68 67 1 0 1 0 0 68 68 0 68 67 1 68 1 1 67 1 68 0 67 1 68 0 1 68 68 67 0 1 1 0 68 67 67 67 68 68 1 67 67 67 1 1 0 67 0 1 1 0 67 67 1 67 67 67 0 67 1 0 0 1 68 1 68 0 68 67 68 0 68 0 68 1 68 67 1 1 67 1 1 68 68 0 0 0 1 1 67 67 67 0 67 68 1 1 1 67 1 67 0 1 0 0 0 1 0 0 68 0 1 68 67 67 0 1 68 1 68 67 67 68 1 1 0 1 0 67 68 68 0 68 1 1 68 67 68 1 68 1 1 0 1 67 68 0 68 67 68 1 67 1 0 0 1 67 67 67 68 1 68 0 67 67 68 1 1 68 1 68 1 67 68 0 67 0 68 68 0 1 67 67 68 0 68 68 68 1 0 68 0 68
196 35 40 39 36 50 44 37 48 42 49 35 43 40 42 35 45 34 44 45 49 37 38 46 39 36 48 45 50 47 45 40 36 47 40 37 45 35 42 43 46 47 48 41 36 39 48 49 37 40 50 50 42 37 48 43 42 40 39 46 48 36 39 34 49 43 37 49 35 36 47 42 39 42 39 39 40 45 38 47 46 45 44 41 45 34 35 45 35 100 35 46 49 38 40 35 45 39 44 36 44 46 46 36 40 46 36 44 47 36 38 34 41 48 39 47 49 41 35 40 38 40 42 46 38 47 38 35 49 47 47 48 49 41 37 42 41 36 47 46 36 47 50 50 35 38 37 47 42 38 46 40 45 36 34 50 49 44 39 42 38 50 48 47 43 37 47 47 34 35 48 39 45 42 40 48 50 48 42 41 36 37 34 43 42 43 34 43 46 43 36 48 38 37 41 39 50
155 1 60 0 61 60 1 0 0 1 1 0 0 61 61 0 61 60 1 1 0 1 0 61 1 1 61 61 60 60 60 60 61 61 0 61 1 61 0 0 61 61 61 0 61 60 61 60 1 0 1 61 60 0 60 0 60 60 61 61 61 61 0 61 1 1 0 1 0 61 61 61 61 0 60 0 61 0 0 1 1 61 60 1 1 0 60 60 1 61 60 61 0 0 60 60 60 60 1 61 0 0 61 1 1 1 1 61 0 60 1 0 0 0 1 0 0 61 61 61 1 60 0 0 61 0 0 61 61 1 60 1 60 1 1 1 60 1 0 61 60 60 61 61 60 1 61 0 0 60 60 61 0 0 61 1
199 59 56 65 52 88 70 50 57 67 55 73 56 80 54 85 87 76 75 78 71 59 71 87 53 76 73 75 70 69 70 83 49 71 59 92 80 87 94 78 71 75 71 91 91 92 86 78 92 64 49 91 87 49 92 87 71 87 74 75 47 87 60 86 64 80 82 72 61 80 78 65 66 89 89 88 54 94 74 74 66 63 82 50 85 90 94 67 91 94 81 85 64 83 48 92 75 77 57 73 54 84 81 52 75 49 94 51 77 74 66 63 52 85 86 76 62 92 93 56 94 53 66 58 74 50 56 56 83 51 82 89 74 93 85 87 82 63 86 94 55 91 84 83 65 59 66 49 88 88 72 63 93 60 55 54 83 75 80 55 49 83 85 51 76 47 84 48 60 86 55 62 77 76 77 74 55 91 48 63 60 80 48 88 75 70 64 64 82 88 63 47 58 75 70 47 86 50 68 62
2 57 53
100 48 49 49 49 50 48 49 48 50 50 48 50 50 49 49 49 48 48 48 49 100 49 49 48 49 48 50 50 48 49 48 48 49 50 50 50 49 48 50 48 48 49 48 49 48 48 49 48 50 48 48 50 48 50 50 50 48 48 48 50 50 48 49 48 49 50 48 50 48 48 50 48 50 48 50 48 49 49 50 50 49 48 48 49 49 49 49 50 49 49 50 48 50 48 49 50 48 48 50 49
110 41 41 37 50 35 49 35 46 39 48 40 38 48 38 40 49 100 47 46 47 47 42 47 39 40 37 46 46 44 36 40 44 37 42 44 48 41 43 43 36 38 44 36 37 40 42 35 50 43 41 36 39 49 46 47 36 40 45 47 38 49 41 35 49 38 35 35 41 37 39 39 37 43 44 46 46 42 44 40 48 40 36 47 50 41 44 38 36 37 37 40 40 48 45 35 45 44 47 43 50 36 41 40 47 41 41 40 50 46 37
163 96 96 96 95 95 96 1 96 1 0 1 0 0 1 1 96 95 1 1 0 1 1 95 0 95 95 1 1 95 1 0 96 0 95 96 96 0 95 0 95 0 95 1 0 95 95 95 96 0 95 96 0 1 95 96 0 96 96 1 95 0 96 96 0 95 0 95 1 0 95 96 0 95 0 1 95 96 1 95 1 95 1 0 1 1 95 96 96 95 1 0 96 1 96 96 95 0 1 0 0 96 0 96 96 96 96 96 95 0 1 0 1 96 96 96 0 0 1 0 0 0 95 96 0 0 96 1 96 1 95 1 1 95 96 95 1 96 1 95 0 1 95 1 0 96 96 95 0 0 95 1 96 95 96 0 1 1 0 95 95 0 95 1
103 86 65 61 61 54 97 57 87 76 96 98 90 58 75 70 80 67 84 96 84 90 99 66 86 86 61 53 83 74 75 60 50 57 94 63 97 59 63 52 100 69 79 86 69 54 92 94 91 84 82 56 91 58 83 74 67 82 60 75 87 98 92 72 63 70 71 53 74 93 60 68 62 96 71 67 80 97 80 99 98 82 68 91 61 76 90 79 78 52 87 73 85 81 88 74 62 93 54 80 62 98 71 61
107 14 14 14 14 14 14 14 14 14 14 14 14 14 14 14 14 14 14 14 14 14 14 14 14 14 14 14 14 14 14 14 14 14 14 14 14 14 14 14 14 14 14 14 14 14 14 14 14 14 14 14 14 14 14 14 14 14 14 14 14 14 14 14 14 14 14 14 14 14 14 14 14 14 14 14 14 14 14 14 14 14 14 14 14 14 14 14 14 14 14 14 14 14 14 14 14 14 14 14 14 14 14 14 14 14 14 14
200 100 100 100 100 100 100 100 100 100 100 100 100 100 100 100 100 100 100 100 100 100 100 100 100 100 100 100 100 100 100 100 100 100 100 100 100 100 100 100 100 100 100 100 100 100 100 100 100 100 100 100 100 100 100 100 100 100 100 100 100 100 100 100 100 100 100 100 100 100 100 100 100 100 100 100 100 100 100 100 100 100 100 100 100 100 100 100 100 100 100 100 100 100 100 100 100 100 100 100 100 100 100 100 100 100 100 100 100 100 100 100 100 100 100 100 100 100 100 100 100 100 100 100 100 100 100 100 100 100 100 100 100 100 100 100 100 100 100 100 100 100 100 100 100 100 100 100 100 100 100 100 100 100 100 100 100 100 100 100 100 100 100 100 100 100 100 100 100 100 100 100 100 100 100 100 100 100 100 100 100 100 100 100 100 100 100 100 100 100 100 100 100 100 100 100 100 100 100 100 100
135 51 51 1 51 51 51 50 51 50 0 0 1 0 1 51 50 51 50 0 50 1 0 0 51 51 1 1 1 50 0 0 51 0 51 51 51 0 51 1 50 1 1 51 50 50 1 50 51 1 1 51 0 50 0 1 0 1 50 0 0 1 50 50 51 51 0 0 0 51 1 51 51 0 50 0 0 1 50 0 51 51 0 50 51 0 51 50 50 50 0 1 50 51 51 0 51 51 51 50 50 0 0 1 0 1 50 1 51 0 1 0 1 50 1 51 50 1 1 1 50 0 0 0 50 1 1 1 1 50 50 50 0 0 51 51
115 46 49 71 52 64 70 69 61 41 39 49 53 71 64 50 56 74 54 73 71 62 65 67 55 68 43 74 61 52 42 47 68 37 59 48 55 42 51 64 73 57 58 63 40 62 72 57 39 41 59 60 64 71 50 53 40 40 70 52 37 46 59 71 58 59 51 62 60 58 68 37 43 59 71 50 49 50 40 59 63 56 73 39 63 56 72 52 50 58 74 63 46 38 49 42 62 46 39 56 62 61 70 60 66 47 41 59 67 48 62 49 38 37 69 68
2 2 1
173 46 46 43 45 40 40 40 41 40 42 47 46 44 44 43 50 49 40 47 50 47 44 45 47 41 48 44 44 44 49 48 41 42 41 45 49 45 42 49 41 45 42 41 48 41 42 49 50 100 41 50 44 46 47 47 44 41 43 45 42 40 41 45 45 44 42 41 41 48 42 50 50 46 47 45 50 42 43 42 48 43 47 43 48 40 48 43 41 43 40 48 44 46 47 40 50 46 48 46 44 49 43 42 50 50 41 44 42 42 43 45 46 40 41 45 40 45 49 47 47 46 40 40 41 41 43 43 44 43 43 47 45 45 41 47 42 41 46 45 49 42 41 44 48 40 46 45 47 40 42 42 46 41 42 49 43 46 45 49 40 50 50 45 43 47 46 41 40 49 50 50 48 42
187 83 0 0 83 84 84 1 83 0 1 84 83 83 84 1 83 0 1 1 1 83 1 0 83 0 84 84 84 83 0 83 0 84 1 1 83 83 83 84 83 83 0 83 0 84 83 84 0 0 83 83 0 83 1 1 1 84 83 0 83 1 83 1 0 83 1 0 0 0 84 0 0 0 0 84 83 84 0 0 83 83 84 0 83 84 83 0 0 0 0 84 84 0 0 84 0 83 0 1 83 0 0 0 84 0 84 83 83 83 83 0 83 83 83 83 0 0 84 0 1 0 0 0 0 84 1 84 83 0 83 83 0 83 84 1 84 83 1 0 83 1 84 1 84 1 84 83 84 1 0 83 83 83 0 0 1 0 0 84 0 83 84 0 0 84 84 84 0 1 1 0 1 0 84 1 0 83 83 1 84 0 1 0 1 84 83 83
2 9 5
39 90 16 96 72 93 92 27 41 20 61 53 17 83 98 29 29 53 85 35 67 64 8 65 34 75 66 69 100 43 34 40 20 25 26 39 70 47 37 89
131 51 84 47 68 95 72 54 21 38 99 94 52 2 25 56 15 79 97 69 6 69 44 10 99 76 70 82 71 43 94 98 97 59 57 22 91 21 45 46 100 43 46 94 31 31 58 72 34 99 40 77 34 12 13 81 88 72 70 54 59 86 27 28 13 81 85 97 58 66 54 27 94 35 35 56 63 93 59 94 87 48 17 76 30 47 48 72 27 57 26 8 73 59 34 99 65 100 15 27 77 88 78 70 71 8 100 55 54 24 47 47 57 28 72 93 62 83 54 62 12 59 78 88 19 35 5 89 54 22 18 31
190 46 46 44 48 47 44 48 50 45 45 50 50 46 44 44 46 48 46 47 47 49 45 45 45 45 48 47 50 46 46 44 44 48 44 50 50 45 44 46 46 50 50 48 46 49 46 48 47 45 45 46 47 46 47 46 47 50 47 48 45 50 47 44 45 49 46 50 47 44 44 44 48 44 49 47 45 44 50 48 49 44 47 44 49 47 50 50 45 50 50 44 44 48 49 48 47 45 45 50 47 50 44 50 100 49 49 49 44 47 49 50 45 50 46 50 50 48 46 45 48 46 47 49 47 44 45 50 50 49 44 45 44 45 46 46 48 45 45 50 45 49 45 47 47 47 47 48 48 45 45 46 46 45 48 46 44 50 44 46 46 50 50 47 45 50 46 47 45 50 47 45 48 48 48 46 47 48 47 48 46 48 49 45 44 50 50 46 47 46 49
197 92 32 80 87 61 10 100 48 96 97 48 38 66 36 38 9 14 25 81 35 30 74 14 50 24 57 78 22 88 0 75 57 37 32 33 67 82 19 61 78 95 97 59 93 13 78 100 98 73 65 47 27 14 61 60 26 82 57 71 57 68 26 97 87 28 75 68 39 24 65 55 34 79 55 83 67 8 63 11 0 5 100 64 18 74 75 75 89 52 33 99 36 100 25 25 95 99 23 55 81 6 81 65 4 48 63 4 77 31 21 82 25 95 85 64 18 61 73 20 15 100 28 4 74 6 94 50 19 66 52 51 32 22 47 54 7 100 81 42 68 78 12 64 41 68 42 93 62 89 8 75 70 50 93 56 20 46 44 0 59 98 4 63 1 77 63 75 2 41 8 95 85 74 63 12 62 8 32 22 70 53 24 52 0 22 98 22 45 10 45 1 96 57 49 92 44 7
132 48 50 48 49 46 49 46 48 50 47 47 46 47 49 46 47 46 48 49 46 46 47 50 48 48 48 100 48 48 47 47 50 49 49 49 46 46 46 50 50 49 48 49 48 48 47 50 47 47 48 48 50 47 48 49 49 47 47 48 49 48 50 49 46 48 49 46 48 46 46 49 49 47 49 48 47 49 47 47 49 49 50 50 50 47 48 49 50 46 50 49 47 47 46 46 46 47 46 46 49 48 50 50 48 47 48 47 48 47 49 49 46 49 50 49 49 47 50 46 50 47 48 48 48 49 47 49 46 47 46 49 50
103 0 0 1 0 0 72 71 1 72 1 1 0 72 72 0 0 71 72 71 71 72 1 1 0 1 0 71 71 0 0 0 71 0 1 1 1 72 71 72 72 72 71 72 0 72 0 71 0 71 71 71 72 72 1 1 71 71 71 71 72 72 1 1 1 71 1 1 72 71 71 72 71 1 0 1 72 72 71 0 1 71 0 1 1 0 0 72 72 1 0 0 71 71 1 0 71 1 0 72 1 1 72 71
129 78 1 78 78 0 78 79 1 1 78 79 78 1 78 1 1 1 1 1 79 79 78 1 1 79 1 1 0 79 79 0 1 79 0 1 0 1 78 1 79 0 79 78 78 0 1 78 79 0 1 79 79 79 78 0 1 0 78 79 79 1 0 0 1 79 78 79 78 78 0 79 1 78 1 78 0 0 1 79 0 79 79 78 0 0 79 79 1 0 0 78 78 0 0 0 78 0 78 0 1 79 79 78 1 79 0 78 0 78 0 79 79 79 0 1 78 1 78 0 78 1 78 0 1 79 1 79 0 79
194 0 0 0 0 0 0 0 0 0 0 0 0 0 0 0 0 0 0 0 0 0 0 0 0 0 0 0 0 0 0 0 73 0 0 0 0 0 0 0 0 0 0 0 0 0 0 0 0 0 0 0 0 0 0 0 0 0 0 0 0 0 0 0 0 0 0 0 0 0 0 0 0 0 0 0 0 0 0 0 0 0 0 0 0 0 0 0 0 0 0 0 0 0 0 0 0 0 0 0 0 0 0 0 0 0 0 0 0 0 0 0 0 0 0 0 0 0 0 0 0 0 0 0 0 0 0 0 0 0 0 0 0 0 0 0 0 0 0 0 0 0 0 0 0 0 0 0 0 0 0 0 0 0 0 0 0 0 0 0 0 0 0 0 0 0 0 0 0 0 0 0 0 0 0 0 0 0 0 0 0 0 0 0 0 0 0 0 0 0 0 0 0 0 0
43 48 75 5 17 2 29 19 37 42 20 2 68 76 77 16 79 40 64 57 80 0 5 10 3 5 38 47 79 49 35 48 37 1 6 24 42 25 84 19 41 2 60 2
12 95 9 48 26 83 7 75 18 69 49 48 97
191 0 85 0 1 0 1 0 86 85 0 86 1 1 1 85 1 85 0 1 85 86 0 86 86 1 0 86 1 1 1 85 86 85 1 1 1 1 85 0 86 1 1 85 85 85 0 0 86 1 85 85 1 85 0 0 85 0 0 86 86 0 1 0 86 86 1 1 85 85 0 0 0 86 1 86 0 0 0 0 1 0 85 86 1 86 86 86 85 0 0 86 85 1 85 86 0 86 85 86 85 86 0 0 86 86 85 85 85 1 1 0 85 0 0 0 85 1 1 85 1 85 1 85 86 85 86 86 85 0 1 86 85 86 1 0 1 86 86 85 0 85 85 0 0 1 86 0 0 86 0 1 85 85 85 1 1 85 86 1 85 85 1 0 86 86 86 85 1 1 86 1 86 0 85 1 0 0 1 86 0 85 85 86 86 85 85 1 1 85 86 1
150 0 0 0 0 0 0 0 0 0 0 0 0 0 0 0 0 0 0 0 0 0 0 0 0 0 0 0 0 0 0 0 0 0 0 0 0 0 0 0 0 0 0 0 79 0 0 0 0 0 0 0 0 0 0 0 0 0 0 0 0 0 0 0 0 0 0 0 0 0 0 0 0 0 0 0 0 0 0 0 0 0 0 0 0 0 0 0 0 0 0 0 0 0 0 0 0 0 0 0 0 0 0 0 0 0 0 0 0 0 0 0 0 0 0 0 0 0 0 0 0 0 0 0 0 0 0 0 0 0 0 0 0 0 0 0 0 0 0 0 0 0 0 0 0 0 0 0 0 0 0
177 0 1 1 1 67 0 1 68 67 67 67 1 67 68 68 0 67 0 67 1 0 1 68 0 0 68 68 0 68 67 68 68 67 1 67 0 67 0 67 67 0 67 0 1 0 0 0 67 68 68 1 68 0 0 67 0 1 68 68 67 0 68 67 67 0 67 68 0 1 1 68 67 67 1 67 68 0 0 1 67 0 1 0 1 68 68 0 0 1 68 68 67 0 68 0 67 1 1 68 67 68 67 67 68 67 68 1 67 0 0 1 68 1 1 0 68 0 68 0 1 0 68 0 0 0 67 67 0 67 68 1 0 67 1 68 0 67 1 67 68 68 1 1 1 68 67 0 0 68 0 67 0 68 1 68 68 0 1 0 0 1 0 68 1 67 68 67 67 67 1 67 68 1 0 0 0 68